%YAML:1.0
---
camera_matrix: !!opencv-matrix
   rows: 3
   cols: 3
   dt: f
   data: [ 7.05136414e+02, 0., 3.30800232e+02, 0., 7.04565796e+02,
       2.40676605e+02, 0., 0., 1. ]
dist_matrix: !!opencv-matrix
   rows: 1
   cols: 5
   dt: f
   data: [ -1.85677841e-01, 1.66741028e-01, -2.66501389e-04,
       3.98952398e-04, -2.84665357e-02 ]
extrinsic_matrix: !!opencv-matrix
   rows: 4
   cols: 4
   dt: f
   data: [ 9.99941230e-01, -2.70643318e-03, -1.04959393e-02,
       4.71173553e+01, 2.68476736e-03, 9.99994218e-01, -2.07775808e-03,
       1.01464081e+00, 1.05015030e-02, 2.04945682e-03, 9.99942780e-01,
       -1.71331310e+00, 0., 0., 0., 1. ]
